11100 01100 01100 11100 01100 11100
01100 01100 01100 01100 01100 01100
11100 01100 01100 11100 01100 11100
01100 01100 01100 01100 01100 01100
11100 01100 01100 11100 01100 11100
01100 01100 01100 01100 01100 01100
11100 01100 01100 11100 01100 11100
12 2 3 23 3
1 1 2 1 3 2 4 3 2 4 3 1 4 1 2 1 3 2
2 3 3 2 3 2 4 3 2 4 3 2 4 2 2 2 3 3
3 3 4 3 3 2 4 3 2 4 3 3 4 3 2 3 3 4
4 3 5 4 3 2 4 3 2 4 3 4 4 4 2 4 3 5
5 3 6 5 3 2 4 3 2 4 3 5 4 5 2 5 3 6
6 3 7 6 3 2 4 3 2 4 3 6 4 6 2 6 3 7
1 2 3 4 5 6 5 8 9 0 1 2 3 4 5 6 7 8
Castro
80 60
1234
1 4
2 5
3 5
#